# Directed graph: chair_member_graph.txt 
# Nodes: 549 Edges: 5261
# FromNodeId	ToNodeId
414	977
414	1238
414	1670
414	1752
666	977
666	1238
666	1670
666	1752
2108	446
2108	711
2108	1685
2108	1704
2108	1724
2108	1758
2108	1805
2108	1834
2108	1952
2108	1954
2108	2027
2108	2039
2109	512
2109	1256
2109	1685
2109	1834
2109	1908
2109	1954
2109	1960
2109	2027
2109	2039
2102	186
2102	484
2102	979
2102	998
2102	1041
2102	1071
2102	1075
2102	2018
2102	2035
2102	2053
2103	699
2103	778
2103	979
2103	998
2103	1071
2103	1155
2103	1683
2103	1685
2103	1688
2103	1741
2103	1802
2103	1805
2103	1834
2103	2039
2103	2065
2100	446
2100	512
2100	711
2100	1256
2100	1753
2100	1758
2100	1805
2100	1908
2100	1960
2100	2009
2100	2027
2100	2032
2101	512
2101	1256
2101	1560
2101	1737
2101	1753
2101	1801
2101	1834
2101	1908
2101	1960
2106	484
2106	1041
2106	1075
2106	1685
2106	1834
2106	1954
2106	1994
2106	2027
2106	2035
2106	2039
2106	2065
2107	512
2107	800
2107	1256
2107	1560
2107	1640
2107	1737
2107	1801
2107	1834
2107	1908
2107	1960
2107	1992
2107	2027
2107	2050
2104	484
2104	1041
2104	1075
2104	1704
2104	1804
2104	1882
2104	1960
2104	2140
2105	165
2105	666
2105	977
2105	1238
2105	1460
2105	1590
2105	1670
2105	2034
1781	322
1781	484
1781	699
1781	912
1781	1041
1781	1075
1781	1256
1781	1681
1781	1960
1781	1995
1781	2018
1781	2035
1780	484
1780	1177
1780	1222
1780	1514
1780	1527
1780	1566
1780	1720
1780	1751
1780	1892
1780	1936
1787	166
1787	603
1787	1468
1787	1710
1787	1810
1787	2019
850	211
850	322
850	446
850	912
850	1041
850	1256
850	1681
850	1707
850	1868
850	1995
850	2053
854	166
854	603
854	1468
854	1664
854	1710
854	1930
859	116
859	136
859	172
859	949
859	1247
859	1384
859	1409
859	1424
859	1531
859	1701
859	1902
1858	38
1858	1155
1858	1651
1858	1685
1858	1737
1858	1749
1858	1779
1858	1792
1858	1797
1858	2040
1858	2069
583	116
583	174
583	179
583	859
583	949
583	1332
583	1384
583	1424
583	1567
583	1595
583	1820
583	1823
583	1866
583	1900
583	1901
583	1902
583	2076
583	2194
1424	116
1424	172
1424	859
1424	1701
1424	1820
1424	1898
1424	2076
1424	2173
1583	166
1583	603
1583	1468
1583	1664
1583	1710
1583	1930
912	1256
912	1681
912	1733
912	2017
1853	484
1853	1177
1853	1222
1853	1560
1853	1566
1853	1737
1853	1744
1853	1751
1853	1892
1853	1936
1580	512
1580	912
1580	1256
1580	1688
1580	1733
1580	1753
1580	1791
1580	1801
1580	1834
1580	1954
1855	800
1855	912
1855	1640
1855	1733
1855	1791
1855	1992
1855	2050
1854	484
1854	1177
1854	1514
1854	1566
1854	1751
1854	1936
1857	38
1857	1676
1857	1737
1857	1749
1857	1792
1857	1797
1857	2069
1857	2072
1856	322
1856	446
1856	711
1856	912
1856	1256
1856	1681
1856	1685
1856	1704
1856	1758
1856	1805
1856	1834
1856	1912
1856	1952
1856	1995
1856	2054
2036	484
2036	1177
2036	1514
2036	1596
2036	1744
2036	1751
2036	1885
2035	635
2035	778
2035	1041
2035	1075
2035	1155
2035	1683
2035	1731
2035	1753
2035	1804
2035	1805
2035	1886
2035	2057
2035	2129
2032	446
2032	711
2032	778
2032	1155
2032	1560
2032	1685
2032	1737
2032	1753
2032	1758
2032	1805
2032	1886
2033	484
2033	1177
2033	1566
2033	1596
2033	1744
2033	1751
2033	1885
2033	1936
1395	326
1395	501
1395	604
1395	802
1395	1036
1395	1332
1395	1383
1395	1409
1395	1424
1395	1531
1395	1701
1395	1828
1395	1866
1395	1965
303	166
303	603
303	1664
303	1810
303	2019
2039	512
2039	699
2039	778
2039	1155
2039	1256
2039	1683
2039	1685
2039	1741
2039	1805
2039	1834
2039	1924
588	211
588	446
588	1041
588	1075
588	1704
588	1731
588	1802
588	1804
588	2053
588	2057
588	2058
588	2140
462	484
462	1177
462	1222
462	1514
462	1527
462	1720
462	1744
462	1751
462	1892
1155	699
1155	1741
1151	635
1151	1075
1151	1704
1151	1731
1151	1804
1151	1882
1151	2052
1151	2057
1151	2129
1151	2140
1999	38
1999	1737
1999	1749
1999	1816
1999	2028
1999	2069
1514	174
1514	484
1514	1177
1514	1222
1514	1527
1514	1720
1514	1823
1514	1892
985	998
985	1009
985	1071
985	1525
985	1753
985	1791
985	2001
1510	166
1510	603
1510	1468
1510	1560
1510	1737
231	699
231	778
231	800
231	1155
231	1640
231	1704
231	1707
231	1741
231	1992
231	2050
231	2142
1738	38
1738	1676
1738	1749
1738	1816
1738	2028
1738	2072
1633	116
1633	174
1633	326
1633	604
1633	735
1633	791
1633	859
1633	1036
1633	1247
1633	1332
1633	1383
1633	1546
1633	1567
1633	1826
1633	1828
1633	1837
1633	1901
1633	1969
1633	1983
1633	1984
1633	2076
1633	2173
1635	977
1635	1155
1635	1238
1635	1487
1635	1651
1635	1670
1635	1779
1635	2040
1635	2058
1634	636
1634	977
1634	1238
1634	1670
1634	1991
1730	322
1730	912
1730	1256
1730	1681
1730	1685
1730	1834
1730	1995
1730	2054
1731	322
1731	326
1731	1036
1731	1075
1731	1256
1731	1567
1731	1681
1731	1704
1731	1804
1731	1995
1731	2049
1731	2140
1733	778
1733	1155
1733	1685
1737	38
1737	1749
1737	1758
1737	1931
778	912
778	1733
778	1791
1188	414
1188	636
1188	977
1188	1238
1188	1590
1976	186
1976	211
1976	446
1976	985
1976	998
1976	1009
1976	1041
1976	1071
1976	1707
1976	1799
1976	1805
1976	1868
1976	2053
1974	414
1974	636
1974	977
1974	1238
1974	1670
1974	1752
1184	38
1184	186
1184	1656
1184	1676
1184	1749
1184	1758
1184	1931
1184	2072
1973	446
1973	699
1973	711
1973	778
1973	1155
1973	1256
1973	1681
1973	1704
1973	1707
1973	1741
1973	1758
1973	1805
1973	1909
1973	2049
511	174
511	1525
511	1791
511	1823
511	2008
1748	484
1748	1177
1748	1514
1748	1560
1748	1566
1748	1596
1748	1737
1748	1744
1748	1751
1748	1885
1748	1936
1744	484
1744	1177
1744	1514
1744	1527
1744	1720
1744	1751
1741	778
1741	800
1741	1155
1741	1640
1741	1704
1741	1707
1741	2142
1740	912
1740	1256
1740	1681
1740	1733
1740	1791
1740	1855
1740	1909
1740	2049
1743	166
1743	603
1743	1468
1743	1664
1743	1930
1742	165
1742	414
1742	636
1742	977
1742	1238
1742	1525
1742	1560
1742	1590
1742	1737
1742	1791
1899	136
1899	326
1899	501
1899	604
1899	802
1899	949
1899	1010
1899	1332
1899	1383
1899	1409
1899	1424
1899	1531
1899	1567
1899	1829
1899	1850
1899	1866
1899	1897
1899	1900
1899	2174
1898	116
1898	172
1898	179
1898	501
1898	604
1898	802
1898	949
1898	1010
1898	1332
1898	1383
1898	1384
1898	1409
1898	1424
1898	1546
1898	1701
1898	1820
1898	1829
1898	2076
1898	2173
2122	186
2122	979
2122	998
2122	1071
2122	1075
2122	1731
2122	1804
2122	2057
1895	446
1895	711
1895	912
1895	1724
1895	1733
1895	1855
1895	2009
1895	2017
1895	2032
1894	484
1894	912
1894	1041
1894	1075
1894	1256
1894	1681
1894	1994
1894	2035
1894	2049
1894	2054
1897	136
1897	604
1897	949
1897	1036
1897	1247
1897	1332
1897	1409
1897	1424
1897	1567
1897	1829
1897	1900
1897	1983
1896	116
1896	172
1896	604
1896	735
1896	791
1896	1036
1896	1247
1896	1332
1896	1384
1896	1424
1896	1546
1896	1567
1896	1701
1896	1837
1896	1901
1896	1969
1896	1983
1896	2173
1896	2176
952	1332
952	1424
1892	484
1892	1177
1892	1596
1892	1744
1892	1751
1892	1885
344	484
344	998
344	1071
344	1177
344	1222
344	1514
344	1751
344	1892
2173	116
2173	172
2173	604
2173	859
2173	1247
2173	1424
2173	1546
2173	1595
2173	1701
2173	1820
2173	1829
2173	1898
2173	1983
2173	2076
2172	186
2172	484
2172	985
2172	998
2172	1041
2172	1071
2172	1075
2172	1688
2172	1802
2172	1960
2172	2035
2171	912
2171	1560
2171	1733
2171	1737
2171	1855
2171	2017
2079	136
2079	501
2079	604
2079	802
2079	949
2079	1247
2079	1332
2079	1383
2079	1409
2079	1531
2079	1546
2079	1595
2079	1701
2079	1828
2079	1829
2079	1850
2079	1898
2079	1901
2079	1969
2079	1983
2079	2174
1114	484
1114	979
1114	998
1114	1041
1114	1071
1114	1075
1114	1802
1114	2018
1114	2035
1114	2053
2176	116
2176	735
2176	791
2176	859
2176	949
2176	1247
2176	1384
2176	1409
2176	1567
2176	1820
2176	1866
2176	1901
2176	1902
2175	116
2175	172
2175	326
2175	859
2175	949
2175	1036
2175	1332
2175	1383
2175	1384
2175	1424
2175	1701
2175	1820
2175	1823
2175	1828
2175	1898
2175	1901
2175	1902
2175	1969
2175	1984
2175	2076
2174	172
2174	179
2174	501
2174	604
2174	791
2174	949
2174	1383
2174	1384
2174	1531
2174	1701
2174	1829
2174	1897
2174	1898
2174	1900
2174	1965
2072	38
2072	1560
2072	1737
2072	1749
2072	1758
2072	1792
2072	1797
2072	1826
2072	1828
2072	1931
2073	446
2073	699
2073	711
2073	912
2073	1256
2073	1560
2073	1681
2073	1704
2073	1737
2073	1952
2073	1989
2073	2049
2179	116
2179	172
2179	174
2179	179
2179	604
2179	949
2179	1384
2179	1424
2179	1567
2179	1595
2179	1701
2179	1820
2179	1829
2179	1900
2179	1901
2179	1902
2179	2076
2179	2173
2071	165
2071	186
2071	666
2071	977
2071	1238
2071	1590
2071	1643
2071	1656
2071	1717
2071	1724
2071	2151
2076	116
2076	174
2076	326
2076	859
2076	949
2076	1010
2076	1036
2076	1332
2076	1383
2076	1384
2076	1424
2076	1701
2076	1820
2076	1823
2076	1826
2076	1828
2076	1866
2076	1898
2076	1902
2076	1969
2074	484
2074	1177
2074	1222
2074	1527
2074	1566
2074	1720
2074	1892
2074	1936
2075	116
2075	172
2075	174
2075	179
2075	859
2075	949
2075	1247
2075	1384
2075	1409
2075	1424
2075	1701
2075	1820
2075	1823
2075	1828
2075	1866
2075	1898
2075	1901
2075	1902
2075	2076
1803	38
1803	1676
1803	1749
1803	1792
1803	1797
1803	2072
1806	166
1806	603
1806	912
1806	1664
1806	1688
1806	1733
1806	1787
1806	1930
1806	1954
1806	2017
1806	2063
1807	977
1807	1238
1807	1487
1807	1670
1807	1752
1804	484
1804	635
1804	998
1804	1009
1804	1041
1804	1071
1804	1075
1804	1704
1804	1731
1804	1882
1804	1960
1804	2035
1804	2052
1804	2057
1804	2129
1804	2140
1805	446
1805	711
1805	778
1805	1155
1805	1651
1805	1989
1802	211
1802	446
1802	998
1802	1041
1802	1071
1802	2053
1567	116
1567	174
1567	179
1567	326
1567	501
1567	604
1567	791
1567	802
1567	949
1567	1036
1567	1332
1567	1383
1567	1409
1567	1701
1567	1823
1567	1829
1567	1837
1567	1984
1801	446
1801	512
1801	1041
1801	1256
1801	1707
1801	1753
1801	1868
1558	179
1558	501
1558	802
1558	859
1558	1010
1558	1247
1558	1384
1558	1409
1558	1546
1558	1595
1558	1701
1558	1820
1558	1828
1558	1829
1558	1969
1558	1983
1809	484
1809	1177
1809	1514
1809	1751
1209	484
1209	1177
1209	1222
1209	1514
1209	1527
1209	1566
1209	1596
1209	1720
1209	1744
1209	1751
1209	1885
1209	1892
1209	1936
1205	38
1205	1749
735	116
735	172
735	174
735	179
735	791
735	859
735	1384
735	1424
735	1567
735	1701
735	1823
735	1837
735	1898
735	1900
735	1901
735	2076
735	2173
735	2194
1525	1753
1525	2001
1527	484
1527	1177
1527	1222
1527	1514
1527	1596
1527	1751
1527	1885
1527	1892
1526	38
1526	186
1526	979
1526	998
1526	1071
1526	1688
1526	1737
1526	1749
1526	1758
1526	1802
1526	1931
1526	2069
1522	635
1522	699
1522	778
1522	1075
1522	1155
1522	1704
1522	1707
1522	1731
1522	1741
1522	1804
1522	1826
1522	1828
1522	1882
1522	2057
1528	778
1528	1155
1528	1779
1528	2058
1588	484
1588	1155
1588	1177
1588	1514
1588	1527
1588	1566
1588	1651
1588	1685
1588	1720
1588	1744
1588	1751
1588	1779
1588	1936
166	1247
166	1424
165	414
165	636
165	977
165	1238
165	1560
165	1590
165	1737
2182	136
2182	501
2182	604
2182	791
2182	802
2182	859
2182	949
2182	1010
2182	1828
2182	1897
2182	1902
1933	326
1933	484
1933	1036
1933	1177
1933	1527
1933	1566
1933	1567
1933	1720
1933	1744
1933	1751
1933	1936
1930	166
1930	603
1930	1787
1930	1826
1930	1828
1930	2063
1931	38
1931	186
1931	1656
1931	1676
1931	1724
1931	1749
1931	1997
1931	2072
1931	2151
1936	484
1936	1177
1936	1514
1936	1596
1936	1751
1936	1885
1937	1247
1937	1332
1937	1424
1937	1546
1937	1595
1937	1826
1937	1828
1937	1969
1937	1983
2185	859
2185	949
2185	1036
2185	1247
2185	1332
2185	1384
2185	1409
2185	1424
2185	1595
2185	1866
2185	1902
1939	484
1939	1177
1939	1596
1939	1744
1939	1751
1939	1885
1701	116
1701	172
1701	179
1701	326
1701	501
1701	604
1701	802
1701	859
1701	1036
1701	1332
1701	1383
1701	1384
1701	1409
1701	1424
1701	1820
1701	1826
1701	1828
1701	1898
1701	2076
1069	174
1069	1525
1069	1753
1069	1791
1069	1823
1069	2001
1704	446
1704	711
1704	778
1704	1075
1704	1155
1704	1753
1704	1758
1704	1804
1704	1805
1704	1886
1704	1989
1707	446
1707	778
1707	1041
1707	1155
1707	1685
1707	1801
1850	136
1850	859
1850	949
1850	1383
1850	1384
1850	1531
1850	1595
1850	1820
1850	1828
1850	1866
1850	1901
1850	2076
1850	2174
1708	512
1708	912
1708	1256
1708	1688
1708	1733
1708	1753
1708	1801
1708	1834
1708	1954
1708	2017
1708	2027
1924	512
1924	699
1924	778
1924	1155
1924	1256
1924	1704
1924	1707
1924	1741
1924	1801
1924	1834
603	1247
603	1424
910	446
910	711
1668	778
1668	1155
1668	1651
1668	1683
1668	1685
1668	1704
1668	1707
1668	1805
1668	2040
604	136
604	326
604	501
604	791
604	802
604	949
604	1247
604	1332
604	1383
604	1409
604	1546
604	1701
604	1829
604	1897
604	1900
604	1969
604	1983
1664	166
1664	603
1471	484
1471	1177
1471	1222
1471	1514
1471	1527
1471	1720
1471	1751
1471	1892
1927	165
1927	666
1927	977
1927	1238
1927	1460
1927	1590
1584	38
1584	322
1584	912
1584	1256
1584	1676
1584	1681
1584	1749
1584	1758
1584	1931
1584	1995
1584	2049
1584	2072
2034	414
2034	666
2034	977
2034	1238
2034	1460
2034	1560
2034	1590
2034	1737
1987	186
1987	484
1987	778
1987	979
1987	998
1987	1041
1987	1071
1987	1075
1987	1155
1987	1688
1987	1704
1987	1707
1987	1802
1987	1805
1987	2018
1987	2035
1987	2040
1986	636
1986	977
1986	1238
1986	1670
1986	1742
1986	1779
1986	1991
1986	2026
1986	2034
1986	2058
2135	186
2135	800
2135	1640
2135	1656
2135	1724
2135	1868
2135	1956
2135	1960
2135	2044
2135	2071
2135	2116
1984	116
1984	326
1984	501
1984	735
1984	791
1984	802
1984	1036
1984	1247
1984	1332
1984	1383
1984	1409
1984	1546
1984	1567
1984	1826
1984	1898
1984	1901
1984	1969
1984	2176
1983	604
1983	791
1983	859
1983	949
1983	1247
1983	1384
1983	1546
1983	1820
1983	1828
1983	1829
1983	1900
1983	1901
1983	1902
1983	1969
1983	2076
1983	2173
1982	166
1982	603
1982	1664
1982	1787
1982	1810
1982	1930
1982	2019
1982	2063
1981	38
1981	1676
1981	1749
1981	1816
1981	2028
1981	2072
2130	186
2130	912
2130	979
2130	985
2130	998
2130	1071
2130	1560
2130	1688
2130	1733
2130	1737
2130	1791
2130	1954
1989	446
1989	711
1989	912
1989	1256
1989	1681
1989	1704
1989	1758
1989	1805
1989	1952
1989	2049
1989	2054
1988	38
1988	1155
1988	1651
1988	1737
1988	1749
1988	1816
1988	2028
1988	2040
1988	2069
1010	116
1010	174
1010	179
1010	501
1010	604
1010	802
1010	1247
1010	1409
1010	1546
1010	1595
1010	1823
1010	1826
1010	1828
1010	1900
1010	1902
1010	1969
1010	2173
1012	635
1012	912
1012	1075
1012	1256
1012	1681
1012	1704
1012	1804
1012	1909
1012	2049
1012	2054
1012	2129
1012	2140
1798	166
1798	603
1798	1664
1798	1930
1799	666
1799	977
1799	1238
1799	1487
1799	1670
1799	1752
1792	38
1792	800
1792	1640
1792	1676
1792	1749
1792	1868
1792	1992
1792	2050
1792	2072
1792	2116
1793	414
1793	666
1793	977
1793	1238
1793	1460
1793	1590
1793	1670
1793	2034
1790	38
1790	1749
1790	1758
1790	1792
1790	1797
1790	1931
1791	912
1791	1733
1791	2017
1797	38
1797	1676
1797	1749
1797	2072
1794	186
1794	635
1794	979
1794	985
1794	998
1794	1071
1794	1075
1794	1802
1794	1804
1794	1882
1794	2129
1595	949
1595	1247
1595	1332
1595	1384
1595	1424
1595	1546
1595	1820
1595	1901
1595	1902
1595	1969
1595	1983
1596	484
1596	1177
1590	666
1590	977
1590	1238
1593	166
1593	603
1593	635
1593	1155
1593	1468
1593	1651
1593	1664
1593	1805
867	446
867	699
867	711
867	912
867	1256
867	1681
867	1704
867	1952
867	1989
867	2049
867	2054
1848	166
1848	603
1848	1468
1848	1710
1848	1779
1848	2058
1843	38
1843	446
1843	778
1843	1041
1843	1155
1843	1683
1843	1685
1843	1704
1843	1707
1843	1805
1843	1868
1843	2067
1840	166
1840	603
1840	1468
1840	1710
1846	612
1846	778
1846	912
1846	1155
1846	1688
1846	1733
1846	1753
1846	1791
1846	1886
1846	1954
1844	326
1844	859
1844	949
1844	1010
1844	1036
1844	1332
1844	1383
1844	1384
1844	1424
1844	1820
1844	1866
1844	1901
1844	1902
1844	1969
1845	484
1845	1177
1845	1596
1845	1744
1845	1751
1845	1885
2003	38
2003	1737
2003	1749
2003	1758
2003	1931
2003	2069
2002	322
2002	699
2002	912
2002	1256
2002	1525
2002	1681
2002	1753
2002	1791
2002	1995
2002	2001
2002	2008
2002	2049
2001	778
2001	1036
2001	1155
2001	1525
2001	1567
2001	1685
2001	1704
2001	1707
2001	1731
2001	1791
2001	1933
2001	2008
2000	512
2000	912
2000	1256
2000	1681
2000	1909
2000	1924
1247	1332
1247	1424
1247	1531
2009	446
2009	612
2009	711
2009	778
2009	1155
2009	1688
2009	1724
2009	1753
2009	1758
2009	1805
2009	1886
2009	2040
2008	800
2008	1525
2008	1560
2008	1640
2008	1737
2008	1791
2008	1956
2008	1960
2008	1992
2008	2050
2069	38
2069	1749
2069	1758
2069	1931
2068	778
2068	1155
2068	1560
2068	1683
2068	1737
2068	1753
2068	1805
2068	1886
368	666
368	977
368	1238
368	1460
368	1670
368	2034
1560	166
1560	603
1560	1468
1564	38
1564	322
1564	699
1564	912
1564	1256
1564	1676
1564	1681
1564	1749
1564	1758
1564	1799
1564	1805
1564	1931
1564	1995
1564	2072
209	116
209	326
209	501
209	604
209	802
209	859
209	1332
209	1383
209	1409
209	1424
209	1546
209	1701
209	1820
209	1826
209	1828
209	1898
209	2076
209	2173
1566	484
1566	1177
1566	1222
1566	1596
1566	1885
1566	1892
2060	446
2060	612
2060	711
2060	778
2060	1155
2060	1683
2060	1688
2060	1704
2060	1753
2060	1758
2060	1805
2060	1886
2060	1952
1332	326
1332	501
1332	802
1332	1036
1332	1383
1332	1409
1332	1701
1826	116
1826	136
1826	172
1826	326
1826	501
1826	859
1826	1036
1826	1332
1826	1383
1826	1424
1826	1531
1826	1701
1826	1820
1826	1823
1826	1866
1826	1965
1826	1984
1826	2076
1826	2173
1826	2174
2062	446
2062	711
2062	800
2062	912
2062	1640
2062	1688
2062	1733
2062	1855
2062	1868
2062	1954
2062	1989
2062	1992
2062	2050
2062	2116
2065	512
2065	1256
2065	1560
2065	1685
2065	1737
2065	1801
2065	1834
2065	1924
2148	186
2148	985
2148	998
2148	1071
2148	1656
2148	1724
2148	1997
2148	2044
887	484
887	512
887	1177
887	1256
887	1514
887	1527
887	1596
887	1720
887	1751
887	1885
887	1924
766	166
766	603
766	1468
766	1560
766	1737
116	174
116	179
116	1567
116	1823
116	1837
116	1900
116	2176
116	2194
1943	484
1943	699
1943	778
1943	1041
1943	1075
1943	1155
1943	1685
1943	1741
1943	1882
1943	2035
1942	484
1942	1177
1942	1222
1942	1527
1942	1720
1942	1744
1942	1751
1942	1892
1940	699
1940	912
1940	1256
1940	1681
1940	1685
1940	1834
1940	2039
1940	2049
1940	2054
1940	2065
1990	166
1990	603
1990	1664
1990	1810
1990	2019
1695	326
1695	501
1695	802
1695	949
1695	1010
1695	1036
1695	1247
1695	1332
1695	1383
1695	1409
1695	1546
1695	1595
1695	1828
1695	1902
1695	1969
1695	1983
1694	326
1694	501
1694	604
1694	802
1694	949
1694	1010
1694	1247
1694	1332
1694	1383
1694	1409
1694	1546
1694	1595
1694	1829
1694	1969
1694	1983
1694	2173
1692	326
1692	1036
1692	1247
1692	1332
1692	1383
1692	1424
1692	1531
1692	1965
1692	1969
1758	38
1758	446
1758	484
1758	711
1758	1041
1758	1075
1758	1737
1758	1749
1758	1960
1758	1989
1758	1994
1758	2069
1991	414
1991	636
1991	977
1991	1238
1991	1643
1991	1717
1756	414
1756	636
1756	666
1756	977
1756	1238
1756	1560
1756	1737
1757	166
1757	603
1757	1664
1757	1779
1757	1787
1757	1799
1757	1805
1757	1930
1757	2058
1757	2063
1752	414
1752	636
1752	977
1752	1238
1752	1670
1753	512
1753	699
1753	778
1753	1155
1753	1256
1753	1525
1753	1741
1753	1791
1753	1801
1753	1834
1751	174
1751	484
1751	1177
1751	1222
1751	1525
1751	1791
1751	1823
1751	1892
1751	2008
2137	38
2137	1737
2137	1749
2137	1792
2137	1797
2137	2069
1994	186
1994	484
1994	1041
1994	1075
1994	1656
1994	2018
1994	2035
1994	2160
2125	446
2125	699
2125	711
2125	778
2125	1155
2125	1741
2125	1753
2125	1758
2125	1805
2125	1886
2125	1989
949	326
949	501
949	604
949	802
949	1383
949	1409
1996	211
1996	446
1996	998
1996	1041
1996	1071
1996	1801
1996	2053
1888	38
1888	1737
1888	1749
1888	1816
1888	2028
1888	2069
1889	699
1889	778
1889	912
1889	1155
1889	1256
1889	1681
1889	1685
1889	1704
1889	1707
1889	2054
940	322
940	699
940	912
940	1256
940	1681
940	1909
940	1995
940	2049
940	2054
1498	166
1498	603
1498	1468
1498	1710
1884	512
1884	612
1884	778
1884	1155
1884	1256
1884	1688
1884	1753
1884	1801
1884	1805
1884	1834
1884	2040
1997	186
1997	446
1997	512
1997	711
1997	1256
1997	1656
1997	1704
1997	1724
1997	1753
1997	1908
1997	1952
1997	1960
1997	2044
944	166
944	603
944	1247
944	1424
944	1468
944	1710
1881	116
1881	174
1881	179
1881	326
1881	604
1881	735
1881	791
1881	1247
1881	1546
1881	1567
1881	1595
1881	1823
1881	1829
1881	1837
1881	1901
1881	1983
1881	1984
1881	2173
1881	2176
2047	38
2047	1737
2047	1749
2047	1758
2047	1931
2047	2069
1998	484
1998	1177
1998	1222
1998	1596
1998	1744
1998	1751
1998	1885
1998	1892
2044	186
2044	322
2044	912
2044	1256
2044	1656
2044	1681
2044	1724
2044	1826
2044	1828
2044	1995
2044	1997
2044	2049
2043	446
2043	612
2043	699
2043	711
2043	778
2043	1155
2043	1685
2043	1688
2043	1741
2043	1758
2043	1805
2043	1989
2041	38
2041	1737
2041	1749
2041	1792
2041	1797
2041	1816
2041	2028
2041	2069
2082	116
2082	172
2082	179
2082	326
2082	501
2082	735
2082	791
2082	802
2082	1384
2082	1409
2082	1567
2082	1701
2082	1828
2082	1829
2082	1898
2082	1901
2082	1902
2082	1984
2082	2176
478	446
478	635
478	1041
478	1155
478	1651
478	1801
478	1802
478	1805
478	2058
371	414
371	977
371	1238
371	1590
371	1670
371	2034
2048	166
2048	603
2048	1664
2048	1810
2048	2019
2168	165
2168	636
2168	977
2168	1238
2168	1590
2168	1742
2168	1991
2168	2026
2169	484
2169	778
2169	1041
2169	1075
2169	1155
2169	1683
2169	1685
2169	1805
2169	2018
2169	2035
2164	446
2164	699
2164	711
2164	778
2164	1155
2164	1741
2164	1753
2164	1758
2164	1805
2164	1886
2164	1989
2165	322
2165	699
2165	912
2165	1256
2165	1560
2165	1681
2165	1737
2165	1995
2166	484
2166	699
2166	778
2166	1041
2166	1075
2166	1155
2166	1704
2166	1707
2166	1741
2166	1960
2166	2035
2167	446
2167	711
2167	1075
2167	1704
2167	1758
2167	1804
2167	1805
2167	1989
2167	2052
2160	186
2160	912
2160	1256
2160	1560
2160	1656
2160	1681
2160	1737
2160	1909
2160	2049
2160	2071
2161	186
2161	484
2161	985
2161	998
2161	1041
2161	1071
2161	1075
2161	1960
2161	1994
2161	2053
2162	1075
2162	1685
2162	1731
2162	1804
2162	1834
2162	1882
2162	1912
2162	2039
2162	2057
2163	699
2163	778
2163	998
2163	1071
2163	1155
2163	1685
2163	1688
2163	1741
2163	1802
832	165
832	414
832	636
832	977
832	1238
832	1590
832	1742
832	2026
1833	38
1833	1676
1833	1737
1833	1749
1833	2069
1833	2072
1832	484
1832	1177
1832	1222
1832	1527
1832	1566
1832	1720
1832	1892
1832	1936
1837	116
1837	501
1837	735
1837	791
1837	802
1837	1010
1837	1567
1837	1826
1837	1828
1837	1902
1837	2176
1836	446
1836	711
1836	778
1836	912
1836	1155
1836	1683
1836	1688
1836	1733
1836	1753
1836	1805
1836	1855
1836	1886
1836	1954
1836	1989
1835	38
1835	1737
1835	1749
1835	1792
1835	1797
1835	1816
1835	2028
1835	2069
1834	512
1834	778
1834	1155
1834	1256
1834	1704
1834	1707
1834	1753
1834	1886
1839	484
1839	1177
1839	1222
1839	1514
1839	1560
1839	1737
1839	1744
1839	1751
1839	1892
1838	484
1838	1177
1838	1514
1838	1527
1838	1566
1838	1685
1838	1720
1838	1751
1838	1834
1838	1936
1838	2039
930	666
930	977
930	1238
930	1670
930	1752
930	2034
1409	326
1409	501
1409	802
1409	1010
1409	1383
1409	1424
1409	1546
1409	1902
1546	172
1546	179
1546	326
1546	501
1546	604
1546	802
1546	1247
1546	1332
1546	1383
1546	1384
1546	1409
1546	1595
1546	1701
1546	1820
1546	1898
1546	1969
1546	1983
1546	2173
1177	1222
1177	1514
1177	1527
1177	1566
1177	1596
1177	1720
1177	1744
1177	1751
1177	1885
1177	1892
1177	1936
484	1041
484	1075
484	1222
484	1527
484	1720
484	1892
1542	172
1542	179
1542	501
1542	802
1542	1010
1542	1247
1542	1384
1542	1409
1542	1424
1542	1531
1542	1701
1542	1820
1542	1828
1542	1829
1542	1898
1542	1902
1542	1965
688	166
688	603
688	1787
688	1810
688	2019
688	2063
501	326
501	802
501	1010
501	1332
501	1383
501	1409
501	1531
501	1828
501	1850
501	1902
501	2174
683	166
683	603
683	1247
683	1424
729	38
729	800
729	1640
729	1676
729	1737
729	1749
729	1792
729	1797
729	1826
729	1828
729	1956
729	1960
729	2069
729	2072
1534	116
1534	136
1534	172
1534	501
1534	859
1534	1247
1534	1383
1534	1424
1534	1531
1534	1701
1534	1820
1534	1828
1534	1898
1534	1965
1534	2076
1534	2173
1534	2174
1535	800
1535	912
1535	1640
1535	1688
1535	1733
1535	1791
1535	1954
1535	1956
1535	1960
153	136
153	501
153	802
153	1010
153	1247
153	1332
153	1424
153	1531
153	1828
153	1902
1531	136
1531	501
1531	604
1531	1247
1531	1383
1531	1409
1531	1424
1531	1546
1531	1595
1531	1828
1531	1850
1531	1866
1531	1965
1531	1969
1531	2173
1531	2174
91	666
91	977
91	1238
91	1460
91	1670
91	1742
91	2026
91	2034
256	322
256	800
256	1256
256	1640
256	1681
256	1779
256	1826
256	1828
256	1909
256	1995
256	2058
250	116
250	136
250	174
250	179
250	604
250	791
250	949
250	1247
250	1409
250	1424
250	1531
250	1567
250	1823
250	1829
250	1897
250	1900
250	1965
250	1983
1909	778
1909	912
1909	1155
1909	1256
1909	1681
1909	1683
1909	1685
1909	1733
1909	1805
1909	1855
1909	2017
1908	512
1908	1256
1908	1560
1908	1737
1908	1753
1907	322
1907	912
1907	1256
1907	1681
1907	1685
1907	1834
1907	1912
1907	1995
1907	2039
1907	2049
1907	2065
1902	136
1902	172
1902	501
1902	604
1902	802
1902	859
1902	949
1902	1010
1902	1384
1902	1829
1902	1897
1902	1900
1901	116
1901	172
1901	174
1901	326
1901	501
1901	791
1901	802
1901	859
1901	949
1901	1332
1901	1383
1901	1384
1901	1409
1901	1567
1901	1823
1901	1902
1901	1984
1901	2176
1900	116
1900	136
1900	174
1900	179
1900	501
1900	604
1900	791
1900	802
1900	949
1900	1247
1900	1332
1900	1383
1900	1409
1900	1701
1710	166
1710	603
1710	635
1710	1155
1710	1468
1710	1651
1710	1805
1717	977
1717	1238
1717	1487
1717	1670
754	116
754	174
754	179
754	326
754	604
754	791
754	859
754	949
754	1384
754	1567
754	1701
754	1820
754	1829
754	1837
754	1898
754	1902
754	1984
754	2076
754	2176
1653	165
1653	414
1653	636
1653	977
1653	1238
1653	1590
616	414
616	636
616	977
616	1238
616	1590
616	1643
616	1717
1656	322
1656	699
1656	912
1656	1256
1656	1681
1656	1995
612	699
612	778
612	1155
612	1741
612	1805
612	2040
1654	38
1654	800
1654	1640
1654	1749
1654	1758
1654	1816
1654	1855
1654	1931
1654	2028
1654	2067
2120	38
2120	446
2120	512
2120	1041
2120	1256
2120	1753
2120	1801
2120	1802
2120	1834
2120	1924
2120	2058
2120	2067
2121	38
2121	186
2121	211
2121	446
2121	800
2121	979
2121	985
2121	998
2121	1041
2121	1071
2121	1640
2121	1855
2121	1868
2121	2053
2121	2067
2121	2116
2089	186
2089	322
2089	912
2089	1256
2089	1656
2089	1681
2089	1724
2089	1909
2089	1995
2089	2049
2089	2151
2123	699
2123	778
2123	800
2123	1155
2123	1640
2123	1741
2123	1779
2123	1805
2123	1868
2123	1992
2123	2040
2123	2050
2123	2058
2123	2116
2124	186
2124	985
2124	998
2124	1071
2124	1656
2124	1688
2124	1724
2124	1802
2124	2151
2124	2160
1995	446
1995	699
1995	711
1995	912
1995	1256
1995	1681
1995	1685
1995	1834
1995	1954
1995	1989
1995	2009
1995	2027
1995	2032
1995	2049
2126	446
2126	699
2126	711
2126	912
2126	1256
2126	1681
2126	1758
2126	1805
2126	2009
2126	2032
2126	2049
2127	446
2127	699
2127	711
2127	912
2127	1256
2127	1681
2127	1758
2127	1805
2127	1989
2128	612
2128	699
2128	778
2128	1155
2128	1560
2128	1685
2128	1688
2128	1737
2128	1741
2128	1834
2128	1912
2128	1954
2128	2027
2129	912
2129	1075
2129	1688
2129	1704
2129	1733
2129	1779
2129	1791
2129	1799
2129	1804
2129	1805
2129	1954
2129	2017
2129	2058
2129	2140
2080	604
2080	949
2080	1036
2080	1247
2080	1332
2080	1383
2080	1384
2080	1546
2080	1595
2080	1820
2080	1823
2080	1826
2080	1828
2080	1866
2080	1901
2080	1902
2080	1969
2080	1983
2080	2173
2086	116
2086	172
2086	174
2086	179
2086	791
2086	859
2086	1247
2086	1384
2086	1409
2086	1424
2086	1701
2086	1820
2086	1829
2086	1837
2086	1901
2086	2076
2086	2173
2086	2176
2085	136
2085	604
2085	791
2085	949
2085	1247
2085	1409
2085	1424
2085	1531
2085	1826
2085	1828
2085	1897
2085	1965
2084	116
2084	172
2084	174
2084	791
2084	859
2084	1332
2084	1384
2084	1424
2084	1567
2084	1701
2084	1837
2084	1898
2084	1901
2084	2076
2084	2176
1009	186
1009	912
1009	979
1009	998
1009	1071
1009	1688
1009	1733
1009	1791
1009	1954
1003	484
1003	1177
1003	1222
1003	1566
1003	1596
1003	1885
1003	1892
1003	1936
979	484
979	998
979	1041
979	1071
979	1075
979	1994
979	2035
1879	484
1879	800
1879	1177
1879	1566
1879	1596
1879	1640
1879	1744
1879	1751
1879	1885
1879	1936
1879	1956
1879	1960
1878	174
1878	211
1878	446
1878	699
1878	912
1878	1041
1878	1256
1878	1681
1878	1707
1878	1823
1878	1868
1878	2049
1878	2053
326	116
326	501
326	791
326	802
326	1036
326	1332
326	1383
326	1409
326	1823
326	1837
326	1901
326	2176
322	699
322	800
322	912
322	1256
322	1640
322	1681
322	1868
322	1956
322	1960
322	2116
281	636
281	666
281	977
281	1238
281	1460
281	1991
2155	484
2155	699
2155	778
2155	1041
2155	1075
2155	1155
2155	1704
2155	1707
2155	1741
2155	1805
2155	1994
2155	2018
2155	2035
2155	2040
2154	165
2154	636
2154	666
2154	977
2154	1238
2154	1590
2154	1991
2157	186
2157	322
2157	635
2157	912
2157	979
2157	998
2157	1071
2157	1075
2157	1256
2157	1681
2157	1688
2157	1704
2157	1802
2157	1804
2157	1995
2157	2052
2157	2054
2157	2129
2156	512
2156	912
2156	1256
2156	1681
2156	1801
2156	1834
2156	2027
2156	2049
2156	2054
2018	322
2018	484
2018	699
2018	912
2018	1041
2018	1075
2018	1256
2018	1681
2018	1688
2018	1733
2018	1855
2018	1954
2018	1995
2018	2035
2019	166
2019	603
2019	1664
2019	1930
2153	38
2153	1749
2153	1758
2153	1792
2153	1797
2153	1931
2152	612
2152	699
2152	778
2152	1155
2152	1685
2152	1688
2152	1741
2152	1834
2152	1954
2152	2027
2152	2039
2152	2065
2014	186
2014	484
2014	985
2014	998
2014	1071
2014	1177
2014	1222
2014	1566
2014	1596
2014	1688
2014	1802
2014	1885
2014	1892
2014	1936
2015	38
2015	484
2015	1041
2015	1075
2015	1737
2015	1749
2015	1792
2015	1797
2015	1960
2015	2018
2015	2035
2015	2069
2010	512
2010	778
2010	1155
2010	1256
2010	1683
2010	1753
2010	1801
2010	1805
2010	1834
2010	1886
2010	2027
2011	446
2011	512
2011	1041
2011	1256
2011	1753
2011	1801
2011	1802
2011	1908
2011	1960
2011	2058
1490	38
1490	912
1490	1676
1490	1688
1490	1733
1490	1737
1490	1749
1490	1791
1490	1954
1490	2069
1490	2072
2029	800
2029	1640
2029	1826
2029	1828
2029	1956
2029	1960
2029	2142
808	912
808	1733
800	322
800	912
800	1256
800	1681
800	1956
800	1960
800	1995
800	2054
802	326
802	501
802	604
802	949
802	1332
802	1383
802	1409
802	1424
802	1546
802	1567
802	1701
802	1898
802	1901
211	446
211	699
211	912
211	1041
211	1256
211	1681
211	1801
211	1909
212	179
212	604
212	791
212	949
212	1332
212	1384
212	1424
212	1701
212	1820
212	1829
212	1897
212	1898
212	1900
213	136
213	326
213	501
213	802
213	949
213	1036
213	1332
213	1383
213	1409
213	1531
213	1546
213	1701
213	1828
213	1850
213	1866
213	2174
1477	166
1477	603
1477	800
1477	1640
1477	1787
1477	1810
1477	1868
1477	1992
1477	2019
1477	2050
1477	2063
1477	2116
1474	484
1474	1177
1474	1222
1474	1514
1474	1566
1474	1751
1474	1892
1474	1936
1479	484
1479	1177
1479	1527
1479	1596
1479	1720
1479	1744
1479	1751
1479	1885
1226	116
1226	172
1226	174
1226	179
1226	859
1226	949
1226	1247
1226	1384
1226	1409
1226	1424
1226	1567
1226	1701
1226	1823
1226	1826
1226	1828
1226	1898
1226	1900
1226	1902
1226	2076
1886	512
1886	778
1886	1155
1886	1256
1886	1683
1886	1801
1886	1805
1886	1834
1886	1924
1222	484
1222	1177
1222	1514
1222	1527
1222	1720
1222	1751
1885	484
1885	1177
1885	1222
1885	1527
1885	1720
1885	1892
1882	512
1882	1041
1882	1075
1882	1256
1882	1753
1882	1801
1882	1804
1882	1834
1882	1994
2151	186
2151	446
2151	484
2151	711
2151	1041
2151	1075
2151	1656
2151	1758
2151	1805
2151	2009
2151	2018
2151	2032
2151	2035
2151	2071
2150	446
2150	699
2150	711
2150	912
2150	1256
2150	1681
2150	1758
2150	1805
2150	2009
2150	2032
2150	2049
893	414
893	666
893	977
893	1155
893	1238
893	1590
893	1643
893	1651
893	1685
893	1717
893	1779
2046	484
2046	1177
2046	1527
2046	1566
2046	1720
2046	1744
2046	1751
2046	1936
711	38
711	484
711	1041
711	1075
711	1737
711	1749
711	1816
711	1960
711	2028
711	2035
711	2069
1954	912
1954	1685
1954	1733
1954	1834
1954	1912
1954	2017
1955	484
1955	1177
1955	1222
1955	1566
1955	1744
1955	1751
1955	1892
1955	1936
1956	211
1956	446
1956	635
1956	800
1956	1041
1956	1075
1956	1640
1956	1704
1956	1801
1956	1804
1956	1882
1956	1992
1956	2050
1956	2052
1956	2053
2017	912
2017	1560
2017	1731
2017	1733
2017	1737
2017	1855
2017	1933
1950	186
1950	446
1950	711
1950	1560
1950	1656
1950	1704
1950	1724
1950	1737
1950	1952
1950	1989
1950	1997
1950	2009
1950	2032
1950	2151
1952	446
1952	512
1952	711
1952	912
1952	1256
1952	1733
1952	1791
1952	1801
1952	1834
1952	1924
1952	1989
1952	2017
1953	446
1953	512
1953	1041
1953	1256
1953	1753
1953	1799
1953	1801
1953	1802
1953	1805
1953	1924
1953	2058
2159	512
2159	800
2159	1256
2159	1640
2159	1753
2159	1801
2159	1834
2159	1868
2159	1992
2159	2050
2159	2116
2040	612
2040	778
2040	912
2040	1155
2040	1651
2040	1685
2040	1688
2040	1733
2040	1791
2040	1954
1959	186
1959	800
1959	979
1959	985
1959	998
1959	1071
1959	1640
1959	1868
1959	2116
1959	2142
2158	38
2158	1676
2158	1749
2158	1792
2158	1797
2158	2072
1042	165
1042	977
1042	1238
1042	1590
1042	1643
1042	1670
1042	1717
1041	211
1041	2053
1049	136
1049	326
1049	501
1049	604
1049	791
1049	802
1049	949
1049	1036
1049	1332
1049	1383
1049	1409
1049	1546
1049	1567
1049	1701
1049	1897
1049	1898
1049	1901
1681	322
1681	699
1681	778
1681	912
1681	1155
1681	1256
1681	1685
1681	1909
1681	1995
1681	2049
1681	2054
1683	446
1683	778
1683	1041
1683	1155
1683	1707
1683	1753
1683	1801
1683	1868
1683	1886
1685	778
1685	1155
1685	1651
1686	38
1686	800
1686	1640
1686	1676
1686	1737
1686	1749
1686	1855
1686	1956
1686	1960
1686	2067
1686	2069
1686	2072
1687	116
1687	136
1687	174
1687	179
1687	501
1687	802
1687	1010
1687	1383
1687	1409
1687	1424
1687	1531
1687	1823
1687	1850
1687	1866
1687	1898
1687	1901
1687	1965
1687	2174
1687	2194
1688	186
1688	778
1688	912
1688	985
1688	998
1688	1071
1688	1155
1688	1704
1688	1707
1688	1733
1761	484
1761	1177
1761	1514
1761	1596
1761	1744
1761	1751
1761	1885
2049	322
2049	446
2049	711
2049	912
2049	1256
2049	1681
2049	1704
2049	1724
2049	1758
2049	1805
2049	1952
2049	1995
1487	414
1487	636
1487	666
1487	977
1487	1238
62	484
62	1177
62	1222
62	1514
62	1527
62	1566
62	1596
62	1720
62	1744
62	1751
62	1885
62	1892
62	1936
2050	800
2050	1560
2050	1640
2050	1737
2051	166
2051	603
2051	1664
2051	1787
2051	1810
2051	2019
2051	2063
2052	322
2052	635
2052	699
2052	800
2052	912
2052	1075
2052	1256
2052	1640
2052	1681
2052	1799
2052	1804
2052	1805
2052	1868
2052	1882
2052	1909
2052	1992
2052	1995
2052	2050
2052	2116
2053	38
2053	446
2053	979
2053	998
2053	1041
2053	1071
2053	1075
2053	1704
2053	1731
2053	1802
2053	1804
2053	2052
2053	2057
2053	2067
2054	322
2054	912
2054	1075
2054	1256
2054	1681
2054	1688
2054	1731
2054	1733
2054	1791
2054	1804
2054	1882
2054	1954
2054	1995
2054	2057
2055	38
2055	186
2055	211
2055	446
2055	985
2055	998
2055	1041
2055	1071
2055	2053
2055	2067
2056	116
2056	172
2056	501
2056	604
2056	802
2056	859
2056	1247
2056	1384
2056	1409
2056	1424
2056	1546
2056	1701
2056	1828
2056	1898
2056	1983
2056	2076
2056	2173
2057	512
2057	979
2057	998
2057	1009
2057	1071
2057	1075
2057	1256
2057	1801
2057	1802
2057	1804
2057	1834
2057	1924
2058	446
2058	800
2058	912
2058	1041
2058	1640
2058	1688
2058	1733
2058	1799
2058	1801
2058	1805
2058	1855
2058	1954
2058	1956
2058	1960
2058	2067
2059	38
2059	186
2059	1656
2059	1724
2059	1737
2059	1749
2059	1816
2059	1997
2059	2028
2059	2044
2059	2069
2059	2160
367	186
367	512
367	979
367	998
367	1009
367	1071
367	1256
367	1924
367	2027
2119	186
2119	912
2119	985
2119	998
2119	1071
2119	1256
2119	1681
2119	1909
2119	2049
2111	512
2111	979
2111	998
2111	1071
2111	1256
2111	1688
2111	1801
2111	1802
2111	1834
2111	1908
2111	1924
2111	1960
2110	484
2110	1041
2110	1075
2110	1685
2110	1834
2110	1912
2110	1960
2110	1994
2110	2039
2110	2065
2113	778
2113	1041
2113	1075
2113	1155
2113	1683
2113	1685
2113	1805
2113	1882
2113	2018
2113	2035
2112	186
2112	446
2112	711
2112	985
2112	998
2112	1036
2112	1071
2112	1567
2112	1688
2112	1731
2112	1758
2112	1802
2112	1805
2112	1933
2112	2009
2112	2032
2115	186
2115	446
2115	711
2115	985
2115	998
2115	1071
2115	1688
2115	1802
2115	1989
2115	2009
2115	2032
2114	322
2114	699
2114	912
2114	1041
2114	1075
2114	1256
2114	1681
2114	1995
2114	2018
2114	2035
2117	38
2117	186
2117	1656
2117	1676
2117	1724
2117	1749
2117	1816
2117	1997
2117	2028
2117	2072
2116	186
2116	211
2116	446
2116	800
2116	985
2116	998
2116	1009
2116	1041
2116	1071
2116	1640
2116	1707
2116	1855
2116	1868
2116	2053
2116	2067
2134	38
2134	1737
2134	1749
2134	1816
2134	2028
2134	2069
2133	38
2133	1676
2133	1749
2133	1792
2133	1797
2133	1826
2133	1828
2133	2072
2131	38
2131	1676
2131	1749
2131	1792
2131	1797
2131	2072
1828	136
1828	501
1828	802
1828	1247
1828	1383
1828	1424
1828	1531
1828	1866
1828	1902
1828	1965
1828	2174
1829	136
1829	179
1829	501
1829	604
1829	802
1829	949
1829	1010
1829	1332
1829	1383
1829	1384
1829	1409
1829	1424
1829	1546
1829	1701
1829	1897
1829	1898
1825	116
1825	136
1825	174
1825	326
1825	604
1825	735
1825	791
1825	859
1825	949
1825	1567
1825	1828
1825	1837
1825	1897
1825	1901
1825	1984
1825	2176
924	136
924	179
924	1247
924	1384
924	1409
924	1424
924	1546
924	1595
924	1701
924	1828
924	1829
924	1898
924	1969
1820	116
1820	179
1820	859
1820	949
1820	1384
1820	1424
1820	1595
1820	1701
1820	1828
1820	1829
1820	2076
1823	116
1823	174
1823	179
1823	326
1823	501
1823	802
1823	859
1823	1010
1823	1036
1823	1247
1823	1332
1823	1383
1823	1409
1823	1828
1823	1969
1823	1984
2025	186
2025	635
2025	979
2025	998
2025	1071
2025	1075
2025	1704
2025	1802
2025	1804
2025	1882
2025	2052
2027	446
2027	512
2027	711
2027	1256
2027	1685
2027	1704
2027	1758
2027	1801
2027	1805
2027	1834
2027	1912
2027	1952
2026	636
2026	977
2026	1238
2026	1670
2026	1991
2021	666
2021	977
2021	1238
2021	1460
2021	1487
2021	1643
2021	1717
2020	186
2020	1656
2020	1685
2020	1724
2020	1834
2020	1912
2020	1954
2020	1997
2020	2027
2020	2044
2020	2151
2023	211
2023	446
2023	1041
2023	1075
2023	1704
2023	1801
2023	1804
2023	2053
2023	2140
2022	484
2022	1155
2022	1177
2022	1222
2022	1566
2022	1596
2022	1651
2022	1685
2022	1779
2022	1885
2022	1892
2022	1936
2022	2040
2022	2058
1384	859
1384	949
1384	1332
1384	1424
1384	1595
1384	1820
1384	1866
1384	1901
1384	1902
1384	2076
316	484
316	1177
316	1222
316	1596
316	1885
316	1892
2028	38
2028	1737
2028	1749
2028	2069
1383	326
1383	501
1383	802
1383	949
1383	1036
1383	1332
1383	1409
1383	1965
2138	512
2138	699
2138	912
2138	1075
2138	1256
2138	1681
2138	1704
2138	1753
2138	1801
2138	1804
2138	1834
2138	1882
2138	2027
2138	2049
2138	2052
2138	2057
699	635
699	778
699	912
699	1155
699	1256
699	1651
699	1681
699	1753
699	1805
699	1886
699	1909
699	2040
1507	136
1507	326
1507	501
1507	604
1507	791
1507	802
1507	949
1507	1010
1507	1383
1507	1409
1507	1424
1507	1546
1507	1567
1507	1701
1507	1983
1503	38
1503	912
1503	1676
1503	1733
1503	1749
1503	1758
1503	1791
1503	1931
1503	2017
1503	2072
1501	636
1501	977
1501	1238
1501	1487
1501	1560
1501	1737
1501	1991
997	636
997	977
997	1238
997	1670
997	1752
997	1991
1506	38
1506	979
1506	998
1506	1009
1506	1071
1506	1676
1506	1749
1506	1802
1506	2072
1505	174
1505	446
1505	699
1505	711
1505	778
1505	1155
1505	1683
1505	1704
1505	1741
1505	1805
1505	1823
1505	1952
1505	1989
1504	446
1504	711
1504	1525
1504	1724
1504	1753
1504	1791
1504	2001
998	38
998	1737
998	1749
998	1758
998	1931
998	2069
174	116
174	136
174	172
174	179
174	326
174	791
174	1247
174	1384
174	1424
174	1531
174	1823
174	1837
174	1901
174	1965
174	1984
174	2176
229	211
229	446
229	1041
229	2053
1921	166
1921	603
1921	1468
1921	1710
1921	1787
1921	2063
1920	166
1920	603
1920	1468
1920	1664
1920	1710
1920	1731
1920	1930
1920	1933
1910	912
1910	1525
1910	1688
1910	1733
1910	1791
1910	1954
1910	2008
1910	2017
1912	186
1912	778
1912	1155
1912	1656
1912	1683
1912	1685
1912	1704
1912	1707
1912	1724
1912	1805
1912	1834
1912	2039
1912	2065
1912	2151
1912	2160
1979	414
1979	977
1979	1238
1979	1590
1979	1643
1979	1670
1979	1717
1979	2034
1914	186
1914	484
1914	985
1914	998
1914	1009
1914	1041
1914	1071
1914	1075
1914	1960
1914	1994
1915	38
1915	484
1915	1041
1915	1075
1915	1676
1915	1749
1915	1816
1915	1882
1915	2028
1915	2035
1915	2072
1916	635
1916	666
1916	977
1916	1155
1916	1238
1916	1460
1916	1487
1916	1651
1916	1670
1916	1685
1916	1779
1916	1805
1916	2034
1647	136
1647	501
1647	604
1647	791
1647	802
1647	859
1647	949
1647	1010
1647	1383
1647	1409
1647	1828
1647	1897
1647	1902
1647	1983
1640	38
1640	211
1640	446
1640	1041
1640	2053
1640	2067
1641	612
1641	778
1641	912
1641	1155
1641	1685
1641	1688
1641	1733
1641	1791
1641	2017
1729	1560
1729	1737
1643	414
1643	636
1643	977
1643	1238
1643	1487
1925	484
1925	1177
1925	1222
1925	1514
1925	1527
1925	1720
1925	1751
1925	1892
1724	186
1724	446
1724	711
1724	1041
1724	1656
1724	1707
1724	1802
1724	1868
1724	1989
1724	2058
1724	2160
1723	512
1723	612
1723	778
1723	1155
1723	1256
1723	1688
1723	1753
1723	1886
1723	1924
1722	38
1722	446
1722	711
1722	1676
1722	1737
1722	1749
1722	1758
1722	1805
1722	1989
1722	2069
1722	2072
1720	174
1720	484
1720	1177
1720	1514
1720	1731
1720	1744
1720	1751
1720	1823
1720	1933
2197	512
2197	699
2197	778
2197	1155
2197	1256
2197	1683
2197	1741
2197	1805
2197	1908
2197	1924
2197	1960
512	800
512	1256
512	1640
512	1753
512	1801
512	1834
512	1868
512	1908
512	1924
512	1960
512	1992
512	2027
512	2050
512	2116
1929	38
1929	1737
1929	1749
1929	1816
1929	2028
1929	2069
136	116
136	604
136	791
136	949
136	1010
136	1247
136	1383
136	1424
136	1531
136	1701
136	1828
136	1850
136	2174
38	446
38	1041
38	1676
38	1737
38	1801
38	2069
38	2072
1970	186
1970	211
1970	446
1970	1041
1970	1656
1970	1724
1970	1801
1970	2044
1970	2053
1970	2071
1970	2160
132	322
132	699
132	912
132	1256
132	1681
132	1685
132	1834
132	1909
132	1954
132	1995
132	2027
99	166
99	603
99	1468
99	1560
99	1710
99	1737
2094	322
2094	484
2094	699
2094	800
2094	912
2094	1041
2094	1075
2094	1256
2094	1640
2094	1681
2094	1960
2094	1992
2094	1995
2094	2018
2094	2035
2094	2049
2094	2050
2094	2142
2096	38
2096	211
2096	446
2096	711
2096	1041
2096	1704
2096	1952
2096	2009
2096	2032
2096	2053
2096	2067
2097	186
2097	635
2097	1075
2097	1656
2097	1804
2097	1882
2097	2057
2097	2129
2097	2160
2090	977
2090	1238
2090	1643
2090	1670
2090	1717
2090	1742
2090	2026
2092	484
2092	912
2092	1041
2092	1075
2092	1688
2092	1733
2092	1791
2092	1954
2092	1994
2092	2035
2093	186
2093	699
2093	778
2093	1075
2093	1155
2093	1656
2093	1724
2093	1741
2093	1753
2093	1804
2093	1882
2093	1886
2093	1997
2093	2057
2093	2160
2098	38
2098	186
2098	985
2098	998
2098	1071
2098	1676
2098	1688
2098	1749
2098	1802
2098	1816
2098	2028
2098	2072
2099	38
2099	1749
2099	1758
2099	1792
2099	1797
2099	1931
1969	326
1969	501
1969	604
1969	802
1969	1036
1969	1247
1969	1332
1969	1383
1969	1409
1969	1546
1969	1826
1969	1828
1969	1829
1969	1902
1969	1983
1969	1984
1969	2173
1965	136
1965	501
1965	802
1965	1247
1965	1383
1965	1409
1965	1424
1965	1531
1965	1828
1965	1902
1965	2174
1967	666
1967	977
1967	1238
1967	1643
1967	1717
1960	512
1960	800
1960	1041
1960	1075
1960	1256
1960	1640
1960	1753
1960	1801
1960	1834
1960	1868
1960	2018
1960	2035
1960	2116
1962	512
1962	912
1962	1256
1962	1733
1962	1753
1962	1855
1962	1924
1962	2017
1037	446
1037	912
1037	1041
1037	1688
1037	1707
1037	1733
1037	1801
1037	1868
1037	1954
1037	2017
1036	136
1036	604
1036	791
1036	949
1036	1247
1036	1332
1036	1383
1036	1424
1036	1823
1036	1897
1036	1965
1036	1969
1860	166
1860	603
1860	1468
1860	1710
1861	512
1861	612
1861	778
1861	1155
1861	1256
1861	1688
1861	1753
1861	1886
1861	1924
1863	116
1863	136
1863	172
1863	604
1863	791
1863	859
1863	949
1863	1010
1863	1247
1863	1424
1863	1546
1863	1701
1863	1820
1863	1828
1863	1829
1863	1900
1863	1969
1863	1983
1863	2076
1863	2173
1864	186
1864	635
1864	1075
1864	1656
1864	1704
1864	1724
1864	1799
1864	1804
1864	1805
1864	2044
1864	2052
1864	2071
1864	2129
1866	116
1866	174
1866	179
1866	859
1866	949
1866	1383
1866	1384
1866	1531
1866	1567
1866	1828
1866	1850
1866	1900
1866	1902
1866	2076
1866	2174
1868	446
1868	800
1868	1041
1868	1640
1868	1779
1868	1802
1868	1992
1868	2050
1868	2058
968	116
968	326
968	501
968	802
968	1010
968	1036
968	1247
968	1332
968	1383
968	1424
968	1531
968	1567
968	1701
968	1850
968	1866
968	1902
968	1965
968	2174
299	484
299	1177
299	1514
299	1527
299	1566
299	1596
299	1720
299	1751
299	1885
299	1936
355	484
355	1177
355	1596
355	1885
2146	446
2146	711
2146	800
2146	1560
2146	1640
2146	1724
2146	1737
2146	1956
2146	1960
2146	1989
2146	1992
2146	2050
2147	512
2147	800
2147	1075
2147	1256
2147	1640
2147	1704
2147	1753
2147	1801
2147	1804
2147	1834
2147	1868
2147	1992
2147	2050
2147	2052
2147	2116
2144	484
2144	512
2144	1041
2144	1075
2144	1256
2144	1753
2144	1801
2144	1834
2144	1882
2144	1960
2144	2027
2145	186
2145	446
2145	711
2145	1656
2145	1685
2145	1704
2145	1834
2145	1912
2145	1952
2145	1954
2145	2009
2145	2027
2145	2032
2145	2071
2142	186
2142	699
2142	800
2142	912
2142	985
2142	998
2142	1071
2142	1256
2142	1640
2142	1681
2142	1868
2142	2049
2142	2053
2142	2054
2142	2116
2143	38
2143	186
2143	211
2143	446
2143	979
2143	998
2143	1041
2143	1071
2143	1802
2143	2053
2143	2058
2143	2067
2140	446
2140	711
2140	912
2140	1075
2140	1733
2140	1758
2140	1791
2140	1804
2140	1805
2140	1855
2140	1882
2140	1989
2140	2057
2141	38
2141	1676
2141	1749
2141	1816
2141	2028
2141	2072
2061	414
2061	636
2061	977
2061	1238
2061	1590
2061	1670
2061	1752
2061	1991
457	136
457	326
457	1036
457	1247
457	1332
457	1383
457	1409
457	1424
457	1531
457	1826
457	1828
457	1866
457	1984
457	2174
2063	166
2063	603
2063	1560
2063	1737
868	800
868	912
868	1256
868	1640
868	1681
868	1855
868	1992
868	2049
868	2050
868	2054
868	2067
452	326
452	501
452	802
452	859
452	949
452	1036
452	1247
452	1332
452	1383
452	1384
452	1409
452	1823
452	1826
452	1866
452	1902
452	1969
2064	38
2064	446
2064	711
2064	1724
2064	1737
2064	1749
2064	1792
2064	1797
2064	1816
2064	2009
2064	2028
2064	2032
2064	2069
2067	211
2067	446
2067	699
2067	800
2067	912
2067	1041
2067	1256
2067	1640
2067	1681
2067	1992
2067	2050
2067	2053
2067	2054
2149	38
2149	211
2149	446
2149	1041
2149	1560
2149	1737
2149	2053
2149	2067
791	116
791	136
791	174
791	326
791	604
791	735
791	949
791	1247
791	1424
791	1531
791	1567
791	1837
791	1897
791	1901
791	1965
791	1984
791	2176
1913	38
1913	635
1913	1155
1913	1651
1913	1685
1913	1737
1913	1749
1913	1758
1913	1779
1913	1805
1913	1931
1913	2069
1814	484
1814	1177
1814	1222
1814	1527
1814	1596
1814	1720
1814	1885
1814	1892
186	211
186	446
186	998
186	1041
186	1071
186	1707
186	1868
186	2053
1816	38
1816	1560
1816	1676
1816	1737
1816	1749
1816	1826
1816	1828
1816	2072
1811	38
1811	1560
1811	1737
1811	1749
1811	1816
1811	2028
1811	2069
1810	166
1810	603
1810	1468
1810	1710
1541	326
1541	501
1541	604
1541	802
1541	859
1541	1332
1541	1383
1541	1409
1541	1424
1541	1701
1541	1828
188	174
188	501
188	859
188	949
188	1036
188	1332
188	1383
188	1384
188	1424
188	1531
188	1567
188	1820
188	1823
188	1828
188	1850
188	1866
188	1901
188	1902
188	1965
188	2076
188	2174
1818	322
1818	912
1818	979
1818	998
1818	1009
1818	1071
1818	1256
1818	1681
1818	1802
1818	1995
1548	116
1548	174
1548	179
1548	326
1548	859
1548	949
1548	1036
1548	1247
1548	1332
1548	1383
1548	1384
1548	1409
1548	1595
1548	1823
1548	1900
1548	1984
1548	2076
1468	166
1468	603
1468	1247
1468	1424
1468	1664
1468	1826
1468	1828
1469	326
1469	612
1469	778
1469	1036
1469	1155
1469	1567
1469	1688
1469	1731
1469	1933
1464	116
1464	172
1464	326
1464	501
1464	802
1464	859
1464	949
1464	1036
1464	1332
1464	1383
1464	1384
1464	1409
1464	1424
1464	1701
1464	1820
1464	1866
1464	1901
1464	1902
1464	2076
1464	2173
599	484
599	699
599	912
599	1041
599	1075
599	1256
599	1681
599	1882
599	1960
599	1994
599	2018
599	2035
599	2049
2170	38
2170	1676
2170	1749
2170	1792
2170	1797
2170	2072
1460	174
1460	414
1460	636
1460	977
1460	1238
1460	1670
1460	1823
1351	136
1351	326
1351	501
1351	802
1351	859
1351	1036
1351	1247
1351	1332
1351	1383
1351	1409
1351	1424
1351	1531
1351	1828
1351	1902
1351	1965
1351	1969
1351	2076
1676	38
1676	322
1676	912
1676	1256
1676	1681
1676	1749
1676	1758
1676	1931
1676	1995
1676	2049
1728	1155
1728	1651
1608	116
1608	136
1608	501
1608	802
1608	1010
1608	1247
1608	1409
1608	1424
1608	1531
1608	1701
1608	1828
1608	1902
1609	116
1609	136
1609	172
1609	174
1609	179
1609	604
1609	859
1609	949
1609	1384
1609	1567
1609	1595
1609	1823
1609	1829
1609	1897
1609	1900
1609	1902
1609	2194
1602	322
1602	512
1602	912
1602	1256
1602	1681
1602	1908
1602	1960
1602	1995
1602	2049
1604	166
1604	603
1604	1787
1604	1810
1604	2019
1604	2063
70	166
70	603
70	1664
709	977
709	1238
709	1487
701	211
701	326
701	446
701	484
701	1036
701	1041
701	1075
701	1731
701	1802
701	1933
701	1960
701	2018
701	2035
701	2053
701	2058
179	1247
179	1384
179	1424
179	1531
179	1701
179	1820
179	1829
179	1898
179	1965
172	116
172	604
172	859
172	1247
172	1424
172	1531
172	1546
172	1701
172	1829
172	1898
172	1969
172	1983
172	2076
172	2173
2070	484
2070	1177
2070	1222
2070	1514
2070	1744
2070	1751
2070	1892
279	322
279	512
279	699
279	912
279	1256
279	1681
279	1753
279	1801
279	1834
279	1908
279	1924
279	1960
279	1995
279	2027
2191	38
2191	211
2191	446
2191	512
2191	1041
2191	1256
2191	1707
2191	1753
2191	1868
2191	1908
2191	1960
2191	2053
2191	2067
2190	800
2190	1041
2190	1075
2190	1640
2190	1868
2190	1956
2190	1960
2190	2018
2190	2035
2190	2116
1922	484
1922	912
1922	1177
1922	1514
1922	1566
1922	1596
1922	1688
1922	1733
1922	1751
1922	1791
1922	1885
1922	1936
1922	1954
2195	446
2195	512
2195	711
2195	1256
2195	1753
2195	1924
2194	116
2194	172
2194	174
2194	179
2194	859
2194	1384
2194	1424
2194	1567
2194	1701
2194	1820
2194	1898
2194	1900
2194	2076
1992	512
1992	800
1992	1256
1992	1640
1992	1801
1992	1834
1992	1868
1992	1908
1992	1956
1992	1960
1992	2027
1992	2116
2196	512
2196	1256
2196	1801
2196	1834
2198	116
2198	172
2198	501
2198	859
2198	1036
2198	1332
2198	1383
2198	1424
2198	1531
2198	1701
2198	1828
2198	1850
2198	1866
2198	1965
2198	2076
2198	2173
2198	2174
1890	778
1890	800
1890	1155
1890	1640
1890	1753
1890	1805
1890	1886
1890	1956
1890	1960
1890	1992
1890	2040
1890	2050
1774	446
1774	512
1774	711
1774	1256
1774	1758
1774	1801
1774	1805
1774	1834
1774	1908
1774	1960
1774	1989
1774	2009
1774	2032
1777	977
1777	1238
1777	1487
1777	1742
1777	2026
1651	484
1651	1177
1651	1514
1651	1596
1651	1751
1651	1885
1075	211
1075	446
1075	484
1075	1041
1075	1802
1075	1882
1075	1960
1075	1994
1075	2018
1075	2035
1075	2053
1075	2058
1778	166
1778	603
1778	912
1778	1468
1778	1560
1778	1688
1778	1733
1778	1737
1778	1855
1778	1954
1779	38
1779	1155
1779	1651
1779	1676
1779	1737
1779	1749
1779	1758
1779	1931
1779	2069
1779	2072
1071	174
1071	1823
636	977
636	1238
636	1670
636	1752
635	38
635	1075
635	1155
635	1651
635	1737
635	1749
635	1792
635	1797
635	1804
635	2069
1675	699
1675	778
1675	912
1675	1155
1675	1256
1675	1681
1675	1683
1675	1704
1675	1707
1675	1805
1675	1909
2004	484
2004	912
2004	1041
2004	1075
2004	1688
2004	1733
2004	1791
2004	1954
2004	2018
2004	2035
1671	484
1671	1177
1671	1514
1671	1566
1671	1596
1671	1751
1671	1885
1671	1936
1670	977
1670	1238
